18
35 10
36 10
37 10
38 10
39 10
40 10
41 10
42 10
43 10
44 10
45 10
46 10
47 10
48 10
49 10
50 10
51 10
52 10
65 68 40 0
48595 4 420
0 0
36 32
36 33
36 34
37 32
37 33
37 34
38 32
38 33
38 34
0 45
0 45
0 45
0 45
0 45
3
244
10 20
11 20
12 20
13 20
14 20
15 20
16 20
17 20
18 20
19 20
20 20
21 20
22 20
23 20
24 20
25 20
26 20
27 20
28 20
29 20
30 20
31 20
32 20
33 20
34 20
35 20
36 20
37 20
38 20
39 20
40 20
41 20
42 20
43 20
44 20
45 20
46 20
47 20
48 20
49 20
50 20
51 20
52 20
53 20
54 20
72 20
73 20
74 20
75 20
76 20
77 20
78 20
79 20
80 20
81 20
82 20
83 20
84 20
85 20
86 20
87 20
88 20
89 20
90 20
91 20
92 20
93 20
94 20
95 20
96 20
97 20
98 20
99 20
100 20
101 20
102 20
103 20
104 20
105 20
106 20
107 20
108 20
109 20
110 20
111 20
112 20
113 20
114 20
115 20
116 20
10 26
11 26
12 26
13 26
14 26
15 26
16 26
17 26
18 26
19 26
20 26
21 26
22 26
23 26
24 26
25 26
26 26
27 26
28 26
29 26
30 26
31 26
32 26
33 26
34 26
35 26
36 26
37 26
38 26
39 26
40 26
41 26
42 26
43 26
44 26
45 26
46 26
47 26
48 26
49 26
50 26
51 26
52 26
53 26
54 26
72 26
73 26
74 26
75 26
76 26
77 26
78 26
79 26
80 26
81 26
82 26
83 26
84 26
85 26
86 26
87 26
88 26
89 26
90 26
91 26
92 26
93 26
94 26
95 26
96 26
97 26
98 26
99 26
100 26
101 26
102 26
103 26
104 26
105 26
106 26
107 26
108 26
109 26
110 26
111 26
112 26
113 26
114 26
115 26
116 26
54 19
53 19
54 18
53 18
54 17
53 17
54 16
53 16
54 15
53 15
54 14
53 14
54 13
53 13
54 12
53 12
54 19
53 19
54 18
53 18
54 17
53 17
54 16
53 16
54 15
53 15
54 14
53 14
54 13
53 13
54 12
53 12
54 27
53 27
54 28
53 28
54 29
53 29
54 30
53 30
54 31
53 31
54 32
53 32
54 33
53 33
54 34
53 34
54 27
53 27
54 28
53 28
54 29
53 29
54 30
53 30
54 31
53 31
54 32
53 32
54 33
53 33
54 34
53 34
