11
73 17
72 17
71 17
70 17
69 17
68 17
67 17
66 17
65 17
64 17
63 17
68 65 25 2
39770 1 150
0 0
0 42
0 42
0 42
0 42
0 42
0 42
0 42
0 42
0 42
0 45
0 45
0 45
0 45
0 45
3
176
13 13
14 13
15 13
16 13
17 13
18 13
19 13
20 13
21 13
22 13
23 13
24 13
25 13
26 13
27 13
28 13
29 13
30 13
31 13
32 13
33 13
34 13
35 13
36 13
37 13
38 13
39 13
40 13
41 13
42 13
43 13
44 13
45 13
46 13
47 13
48 13
49 13
50 13
51 13
52 13
53 13
54 13
55 13
56 13
57 13
58 13
59 13
60 13
61 13
62 13
63 13
64 13
65 13
66 13
67 13
68 13
69 13
70 13
71 13
72 13
73 13
74 13
75 13
76 13
77 13
78 13
79 13
80 13
81 13
82 13
83 13
84 13
85 13
86 13
87 13
88 13
89 13
90 13
91 13
92 13
93 13
94 13
95 13
96 13
97 13
98 13
99 13
100 13
101 13
102 13
103 13
104 13
105 13
106 13
107 13
108 13
109 13
110 13
111 13
112 13
13 14
14 14
111 14
112 14
13 15
14 15
111 15
112 15
13 16
14 16
111 16
112 16
13 17
14 17
111 17
112 17
13 18
14 18
111 18
112 18
13 19
14 19
111 19
112 19
13 20
14 20
111 20
112 20
13 21
14 21
111 21
112 21
13 22
14 22
111 22
112 22
13 23
14 23
111 23
112 23
13 24
14 24
111 24
112 24
13 25
14 25
111 25
112 25
13 26
14 26
111 26
112 26
13 27
14 27
111 27
112 27
13 28
14 28
111 28
112 28
13 29
14 29
111 29
112 29
13 30
14 30
111 30
112 30
13 31
14 31
111 31
112 31
13 32
14 32
111 32
112 32
